# Data from SSDC cosmic rays database www.ssdc.asi.it 
# File generated today 20221116 
# Errors may contain statistic and systematic depending on the options set when drawing the graph 
# Fluxes are multiplied by a power of Energy (or Rigidity) if the option is set when drawing the graph 
# Horizontal errors usually are not uncertanties of the measurement but correspond to binning. See publication. 
#
# GraphTitle: p AMS-02 PRL (2015); 2011-05-19,2013-11-26; 
# XLabel: kinetic energy (GeV) 
# YLabel: flux ((m^{2} s sr GeV)^{-1}) 
#
# Columns: X, XErrorLow, XErrorHigh, Y, YErrorLow, YErrorHigh 
4.924000e-01  0.000000e+00 0.000000e+00  8.304000e+02  3.552000e+01 3.552000e+01 
6.207000e-01  0.000000e+00 0.000000e+00  8.296000e+02  2.830000e+01 2.830000e+01 
7.637000e-01  0.000000e+00 0.000000e+00  7.709000e+02  2.122000e+01 2.122000e+01 
9.252000e-01  0.000000e+00 0.000000e+00  7.013000e+02  1.748000e+01 1.748000e+01 
1.105000e+00  0.000000e+00 0.000000e+00  6.241000e+02  1.419000e+01 1.419000e+01 
1.303000e+00  0.000000e+00 0.000000e+00  5.498000e+02  1.145000e+01 1.145000e+01 
1.523000e+00  0.000000e+00 0.000000e+00  4.781000e+02  9.197000e+00 9.197000e+00 
1.765000e+00  0.000000e+00 0.000000e+00  4.135000e+02  7.358000e+00 7.358000e+00 
2.034000e+00  0.000000e+00 0.000000e+00  3.540000e+02  5.903000e+00 5.903000e+00 
2.329000e+00  0.000000e+00 0.000000e+00  3.009000e+02  4.803000e+00 4.803000e+00 
2.652000e+00  0.000000e+00 0.000000e+00  2.541000e+02  3.835000e+00 3.835000e+00 
3.005000e+00  0.000000e+00 0.000000e+00  2.129000e+02  3.090000e+00 3.090000e+00 
3.390000e+00  0.000000e+00 0.000000e+00  1.773000e+02  2.563000e+00 2.563000e+00 
3.810000e+00  0.000000e+00 0.000000e+00  1.467000e+02  2.040000e+00 2.040000e+00 
4.272000e+00  0.000000e+00 0.000000e+00  1.204000e+02  1.627000e+00 1.627000e+00 
4.774000e+00  0.000000e+00 0.000000e+00  9.824000e+01  1.318000e+00 1.318000e+00 
5.317000e+00  0.000000e+00 0.000000e+00  7.993000e+01  1.052000e+00 1.052000e+00 
5.906000e+00  0.000000e+00 0.000000e+00  6.481000e+01  8.382000e-01 8.382000e-01 
6.546000e+00  0.000000e+00 0.000000e+00  5.238000e+01  6.756000e-01 6.756000e-01 
7.236000e+00  0.000000e+00 0.000000e+00  4.228000e+01  5.437000e-01 5.437000e-01 
7.981000e+00  0.000000e+00 0.000000e+00  3.405000e+01  4.325000e-01 4.325000e-01 
8.787000e+00  0.000000e+00 0.000000e+00  2.737000e+01  3.417000e-01 3.417000e-01 
9.653000e+00  0.000000e+00 0.000000e+00  2.199000e+01  2.813000e-01 2.813000e-01 
1.060000e+01  0.000000e+00 0.000000e+00  1.764000e+01  2.210000e-01 2.210000e-01 
1.160000e+01  0.000000e+00 0.000000e+00  1.421000e+01  1.808000e-01 1.808000e-01 
1.264000e+01  0.000000e+00 0.000000e+00  1.151000e+01  1.504000e-01 1.504000e-01 
1.379000e+01  0.000000e+00 0.000000e+00  9.285000e+00  1.183000e-01 1.183000e-01 
1.504000e+01  0.000000e+00 0.000000e+00  7.473000e+00  9.521000e-02 9.521000e-02 
1.639000e+01  0.000000e+00 0.000000e+00  6.004000e+00  7.717000e-02 7.717000e-02 
1.784000e+01  0.000000e+00 0.000000e+00  4.838000e+00  6.211000e-02 6.211000e-02 
1.938000e+01  0.000000e+00 0.000000e+00  3.898000e+00  5.009000e-02 5.009000e-02 
2.103000e+01  0.000000e+00 0.000000e+00  3.154000e+00  4.109000e-02 4.109000e-02 
2.283000e+01  0.000000e+00 0.000000e+00  2.540000e+00  3.304000e-02 3.304000e-02 
2.478000e+01  0.000000e+00 0.000000e+00  2.041000e+00  2.604000e-02 2.604000e-02 
2.683000e+01  0.000000e+00 0.000000e+00  1.651000e+00  2.104000e-02 2.104000e-02 
2.903000e+01  0.000000e+00 0.000000e+00  1.336000e+00  1.704000e-02 1.704000e-02 
3.138000e+01  0.000000e+00 0.000000e+00  1.082000e+00  1.404000e-02 1.404000e-02 
3.387000e+01  0.000000e+00 0.000000e+00  8.794000e-01  1.152000e-02 1.152000e-02 
3.657000e+01  0.000000e+00 0.000000e+00  7.134000e-01  9.316000e-03 9.316000e-03 
3.947000e+01  0.000000e+00 0.000000e+00  5.795000e-01  7.618000e-03 7.618000e-03 
4.257000e+01  0.000000e+00 0.000000e+00  4.717000e-01  6.214000e-03 6.214000e-03 
4.587000e+01  0.000000e+00 0.000000e+00  3.840000e-01  5.117000e-03 5.117000e-03 
4.942000e+01  0.000000e+00 0.000000e+00  3.129000e-01  4.211000e-03 4.211000e-03 
5.322000e+01  0.000000e+00 0.000000e+00  2.549000e-01  3.414000e-03 3.414000e-03 
5.727000e+01  0.000000e+00 0.000000e+00  2.080000e-01  2.807000e-03 2.807000e-03 
6.162000e+01  0.000000e+00 0.000000e+00  1.701000e-01  2.309000e-03 2.309000e-03 
6.632000e+01  0.000000e+00 0.000000e+00  1.393000e-01  1.911000e-03 1.911000e-03 
7.137000e+01  0.000000e+00 0.000000e+00  1.132000e-01  1.513000e-03 1.513000e-03 
7.677000e+01  0.000000e+00 0.000000e+00  9.264000e-02  1.277000e-03 1.277000e-03 
8.257000e+01  0.000000e+00 0.000000e+00  7.530000e-02  1.047000e-03 1.047000e-03 
8.882000e+01  0.000000e+00 0.000000e+00  6.146000e-02  8.559000e-04 8.559000e-04 
9.557000e+01  0.000000e+00 0.000000e+00  5.026000e-02  7.058000e-04 7.058000e-04 
1.031000e+02  0.000000e+00 0.000000e+00  4.085000e-02  5.842000e-04 5.842000e-04 
1.111000e+02  0.000000e+00 0.000000e+00  3.294000e-02  4.752000e-04 4.752000e-04 
1.196000e+02  0.000000e+00 0.000000e+00  2.698000e-02  3.946000e-04 3.946000e-04 
1.291000e+02  0.000000e+00 0.000000e+00  2.174000e-02  3.239000e-04 3.239000e-04 
1.401000e+02  0.000000e+00 0.000000e+00  1.727000e-02  2.631000e-04 2.631000e-04 
1.526000e+02  0.000000e+00 0.000000e+00  1.358000e-02  2.121000e-04 2.121000e-04 
1.666000e+02  0.000000e+00 0.000000e+00  1.065000e-02  1.726000e-04 1.726000e-04 
1.826000e+02  0.000000e+00 0.000000e+00  8.212000e-03  1.350000e-04 1.350000e-04 
2.006000e+02  0.000000e+00 0.000000e+00  6.299000e-03  1.057000e-04 1.057000e-04 
2.211000e+02  0.000000e+00 0.000000e+00  4.793000e-03  8.435000e-05 8.435000e-05 
2.451000e+02  0.000000e+00 0.000000e+00  3.605000e-03  6.610000e-05 6.610000e-05 
2.741000e+02  0.000000e+00 0.000000e+00  2.647000e-03  4.982000e-05 4.982000e-05 
3.096000e+02  0.000000e+00 0.000000e+00  1.884000e-03  3.766000e-05 3.766000e-05 
3.536000e+02  0.000000e+00 0.000000e+00  1.288000e-03  2.746000e-05 2.746000e-05 
4.091000e+02  0.000000e+00 0.000000e+00  8.695000e-04  1.987000e-05 1.987000e-05 
4.821000e+02  0.000000e+00 0.000000e+00  5.545000e-04  1.375000e-05 1.375000e-05 
5.831000e+02  0.000000e+00 0.000000e+00  3.357000e-04  9.356000e-06 9.356000e-06 
7.316000e+02  0.000000e+00 0.000000e+00  1.860000e-04  6.083000e-06 6.083000e-06 
9.751000e+02  0.000000e+00 0.000000e+00  8.571000e-05  3.589000e-06 3.589000e-06 
1.464000e+03  0.000000e+00 0.000000e+00  2.933000e-05  1.743000e-06 1.743000e-06 
